0,53.050018
1,52.899994
2,52.850006
3,52.750000
4,52.649994
5,52.550018
6,52.500000
7,52.399994
8,52.300018
9,52.250000
10,52.149994
11,52.050018
12,51.950012
13,51.899994
14,51.750000
15,51.649994
16,51.600006
17,51.500000
18,51.399994
19,51.300018
20,51.250000
21,51.149994
22,51.050018
23,51.000000
24,50.899994
25,50.800018
26,50.649994
27,50.600006
28,50.500000
29,50.399994
30,50.300018
31,50.250000
32,50.149994
33,50.050018
34,50.000000
35,49.899994
36,49.800018
37,49.700012
38,49.649994
39,49.500000
40,49.399994
41,49.300018
42,49.250000
43,49.149994
44,49.050018
45,48.950012
46,48.899994
47,48.800018
48,48.700012
49,48.600006
50,48.550018
51,48.399994
52,48.300018
53,48.200012
54,48.149994
55,48.050018
56,47.950012
57,47.850006
58,47.800018
59,47.700012
60,47.600006
61,47.500000
62,47.450012
63,47.350006
64,47.200012
65,47.100006
66,47.000000
67,46.950012
68,46.850006
69,46.750000
70,46.649994
71,46.600006
72,46.500000
73,46.399994
74,46.300018
75,46.250000
76,46.100006
77,46.000000
78,45.899994
79,45.800018
80,45.750000
81,45.649994
82,45.550018
83,45.450012
84,45.399994
85,45.300018
86,45.200012
87,45.100006
88,44.950012
89,44.899994
90,44.800018
91,44.700012
92,44.600006
93,44.500000
94,44.450012
95,44.350006
96,44.250000
97,44.149994
98,44.050018
99,44.000000
100,43.850006
101,43.750000
102,43.649994
103,43.550018
104,43.500000
105,43.399994
106,43.300018
107,43.200012
108,43.100006
109,43.050018
110,42.950012
111,42.850006
112,42.700012
113,42.600006
114,42.550018
115,42.450012
116,42.350006
117,42.250000
118,42.149994
119,42.050018
120,42.000000
121,41.899994
122,41.800018
123,41.700012
124,41.600006
125,41.550018
126,41.450012
127,41.300018
128,41.200012
129,41.100006
130,41.000000
131,40.950012
132,40.850006
133,40.750000
134,40.649994
135,40.550018
136,40.450012
137,40.399994
138,40.300018
139,40.200012
140,40.100006
141,39.950012
142,39.850006
143,39.800018
144,39.700012
145,39.600006
146,39.500000
147,39.399994
148,39.300018
149,39.200012
150,39.149994
151,39.050018
152,38.950012
153,38.850006
154,38.750000
155,38.600006
156,38.500000
157,38.450012
158,38.350006
159,38.250000
160,38.149994
161,38.050018
162,37.950012
163,37.850006
164,37.800018
165,37.700012
166,37.600006
167,37.500000
168,37.399994
169,37.250000
170,37.149994
171,37.050018
172,37.000000
173,36.899994
174,36.800018
175,36.700012
176,36.600006
177,36.500000
178,36.399994
179,36.300018
180,36.200012
181,36.149994
182,36.050018
183,35.899994
184,35.800018
185,35.700012
186,35.600006
187,35.500000
188,35.399994
189,35.300018
190,35.200012
191,35.149994
192,35.050018
193,34.950012
194,34.850006
195,34.750000
196,34.600006
197,34.500000
198,34.399994
199,34.300018
200,34.200012
201,34.149994
202,34.050018
203,33.950012
204,33.850006
205,33.750000
206,33.649994
207,33.550018
208,33.450012
209,33.300018
210,33.200012
211,33.100006
212,33.000000
213,32.899994
214,32.850006
215,32.750000
216,32.649994
217,32.550018
218,32.450012
219,32.350006
220,32.250000
221,32.149994
222,32.000000
223,31.899994
224,31.800018
225,31.700012
226,31.600006
227,31.500000
228,31.399994
229,31.300018
230,31.200012
231,31.100006
232,31.050018
233,30.950012
234,30.850006
235,30.750000
236,30.649994
237,30.500000
238,30.399994
239,30.300018
240,30.200012
241,30.100006
242,30.000000
243,29.899994
244,29.800018
245,29.700012
246,29.600006
247,29.500000
248,29.399994
249,29.300018
250,29.200012
251,29.050018
252,28.950012
253,28.850006
254,28.750000
255,28.649994
256,28.550018
257,28.450012
258,28.350006
259,28.250000
260,28.149994
261,28.050018
262,27.950012
263,27.850006
264,27.700012
265,27.600006
266,27.500000
267,27.399994
268,27.300018
269,27.200012
270,27.100006
271,27.000000
272,26.899994
273,26.800018
274,26.700012
275,26.600006
276,26.500000
277,26.399994
278,26.250000
279,26.149994
280,26.050018
281,25.950012
282,25.850006
283,25.750000
284,25.649994
285,25.550018
286,25.450012
287,25.350006
288,25.250000
289,25.149994
290,25.050018
291,24.950012
292,24.800018
293,24.700012
294,24.600006
295,24.500000
296,24.399994
297,24.250000
298,24.149994
299,24.050018
300,23.950012
301,23.850006
302,23.750000
303,23.649994
304,23.550018
305,23.450012
306,23.300018
307,23.200012
308,23.100006
309,23.000000
310,22.899994
311,22.800018
312,22.700012
313,22.550018
314,22.450012
315,22.350006
316,22.250000
317,22.149994
318,22.050018
319,21.899994
320,21.800018
321,21.700012
322,21.600006
323,21.500000
324,21.399994
325,21.250000
326,21.149994
327,21.050018
328,20.950012
329,20.850006
330,20.750000
331,20.649994
332,20.550018
333,20.399994
334,20.300018
335,20.149994
336,20.050018
337,19.950012
338,19.850006
339,19.750000
340,19.649994
341,19.550018
342,19.450012
343,19.300018
344,19.200012
345,19.100006
346,18.950012
347,18.850006
348,18.750000
349,18.649994
350,18.550018
351,18.399994
352,18.300018
353,18.200012
354,18.100006
355,18.000000
356,17.899994
357,17.800018
358,17.649994
359,17.500000
360,17.399994
361,17.300018
362,17.200012
363,17.100006
364,16.950012
365,16.850006
366,16.750000
367,16.649994
368,16.550018
369,16.450012
370,16.300018
371,16.200012
372,16.100006
373,15.950012
374,15.850006
375,15.750000
376,15.600006
377,15.500000
378,15.399994
379,15.300018
380,15.200012
381,15.050018
382,14.950012
383,14.850006
384,14.750000
385,14.649994
386,14.450012
387,14.350006
388,14.250000
389,14.149994
390,14.050018
391,13.899994
392,13.800018
393,13.700012
394,13.600006
395,13.450012
396,13.350006
397,13.250000
398,13.149994
399,13.000000
400,12.850006
401,12.750000
402,12.649994
403,12.550018
404,12.399994
405,12.300018
406,12.200012
407,12.100006
408,11.950012
409,11.850006
410,11.750000
411,11.649994
412,11.450012
413,11.350006
414,11.250000
415,11.149994
416,11.000000
417,10.899994
418,10.800018
419,10.649994
420,10.550018
421,10.450012
422,10.350006
423,10.200012
424,10.100006
425,10.000000
426,9.899994
427,9.750000
428,9.600006
429,9.500000
430,9.350006
431,9.250000
432,9.149994
433,9.000000
434,8.899994
435,8.800018
436,8.649994
437,8.550018
438,8.450012
439,8.350006
440,8.200012
441,8.100006
442,8.000000
443,7.850006
444,7.700012
445,7.600006
446,7.450012
447,7.350006
448,7.250000
449,7.100006
450,7.000000
451,6.899994
452,6.750000
453,6.649994
454,6.500000
455,6.399994
456,6.300018
457,6.149994
458,6.050018
459,5.950012
460,5.750000
461,5.649994
462,5.550018
463,5.399994
464,5.300018
465,5.149994
466,5.050018
467,4.950012
468,4.800018
469,4.700012
470,4.550018
471,4.450012
472,4.350006
473,4.200012
474,4.100006
475,3.899994
476,3.800018
477,3.700012
478,3.550018
479,3.450012
480,3.300018
481,3.200012
482,3.100006
483,2.950012
484,2.850006
485,2.700012
486,2.600006
487,2.450012
488,2.350006
489,2.250000
490,2.100006
491,1.950012
492,1.800018
493,1.700012
494,1.550018
495,1.450012
496,1.300018
497,1.200012
498,1.050018
499,0.950012
500,0.800018
501,0.700012
502,0.600006
503,0.450012
504,0.350006
505,0.200012
506,0.100006
507,-0.049988
508,-0.149994
509,-0.299988
510,-0.399994
511,-0.549988
512,-0.699982
513,-0.850006
514,-0.949982
515,-1.100006
516,-1.199982
517,-1.350006
518,-1.500000
519,-1.600006
520,-1.750000
521,-1.850006
522,-2.000000
523,-2.100006
524,-2.250000
525,-2.350006
526,-2.500000
527,-2.600006
528,-2.750000
529,-2.899994
530,-3.000000
531,-3.149994
532,-3.250000
533,-3.399994
534,-3.500000
535,-3.699982
536,-3.850006
537,-3.949982
538,-4.100006
539,-4.199982
540,-4.350006
541,-4.449982
542,-4.600006
543,-4.750000
544,-4.850006
545,-5.000000
546,-5.149994
547,-5.250000
548,-5.399994
549,-5.500000
550,-5.649994
551,-5.799988
552,-5.899994
553,-6.049988
554,-6.199982
555,-6.299988
556,-6.449982
557,-6.549988
558,-6.750000
559,-6.899994
560,-7.000000
561,-7.149994
562,-7.299988
563,-7.399994
564,-7.549988
565,-7.699982
566,-7.850006
567,-7.949982
568,-8.100006
569,-8.250000
570,-8.350006
571,-8.500000
572,-8.649994
573,-8.750000
574,-8.899994
575,-9.049988
576,-9.199982
577,-9.350006
578,-9.500000
579,-9.649994
580,-9.750000
581,-9.899994
582,-10.049988
583,-10.199982
584,-10.299988
585,-10.449982
586,-10.600006
587,-10.750000
588,-10.850006
589,-11.000000
590,-11.149994
591,-11.350006
592,-11.500000
593,-11.600006
594,-11.750000
595,-11.899994
596,-12.049988
597,-12.199982
598,-12.299988
599,-12.449982
600,-12.600006
601,-12.750000
602,-12.899994
603,-13.000000
604,-13.149994
605,-13.350006
606,-13.500000
607,-13.649994
608,-13.799988
609,-13.899994
610,-14.050003
611,-14.199997
612,-14.349991
613,-14.500000
614,-14.649994
615,-14.800003
616,-14.949997
617,-15.050003
618,-15.250000
619,-15.399994
620,-15.550003
621,-15.699997
622,-15.849991
623,-16.000000
624,-16.149994
625,-16.300003
626,-16.449997
627,-16.599991
628,-16.750000
629,-16.849991
630,-17.000000
631,-17.199997
632,-17.349991
633,-17.500000
634,-17.649994
635,-17.800003
636,-17.949997
637,-18.099991
638,-18.250000
639,-18.399994
640,-18.550003
641,-18.699997
642,-18.849991
643,-19.000000
644,-19.149994
645,-19.300003
646,-19.500000
647,-19.649994
648,-19.800003
649,-19.949997
650,-20.099991
651,-20.250000
652,-20.399994
653,-20.599991
654,-20.750000
655,-20.899994
656,-21.050003
657,-21.199997
658,-21.349991
659,-21.500000
660,-21.649994
661,-21.800003
662,-21.949997
663,-22.099991
664,-22.300003
665,-22.449997
666,-22.599991
667,-22.750000
668,-22.899994
669,-23.050003
670,-23.199997
671,-23.449997
672,-23.599991
673,-23.750000
674,-23.899994
675,-24.050003
676,-24.199997
677,-24.399994
678,-24.550003
679,-24.699997
680,-24.849991
681,-25.050003
682,-25.199997
683,-25.349991
684,-25.500000
685,-25.649994
686,-25.849991
687,-26.000000
688,-26.149994
689,-26.349991
690,-26.500000
691,-26.649994
692,-26.800003
693,-27.000000
694,-27.199997
695,-27.349991
696,-27.550003
697,-27.699997
698,-27.849991
699,-28.050003
700,-28.199997
701,-28.349991
702,-28.550003
703,-28.699997
704,-28.849991
705,-29.050003
706,-29.199997
707,-29.399994
708,-29.550003
709,-29.699997
710,-29.899994
711,-30.050003
712,-30.250000
713,-30.399994
714,-30.550003
715,-30.750000
716,-30.899994
717,-31.099991
718,-31.300003
719,-31.500000
720,-31.649994
721,-31.849991
722,-32.000000
723,-32.199997
724,-32.349991
725,-32.550003
726,-32.699997
727,-32.899994
728,-33.050003
729,-33.250000
730,-33.449997
731,-33.599991
732,-33.800003
733,-33.949997
734,-34.149994
735,-34.349991
736,-34.500000
737,-34.699997
738,-34.849991
739,-35.050003
740,-35.250000
741,-35.449997
742,-35.649994
743,-35.849991
744,-36.000000
745,-36.199997
746,-36.399994
747,-36.599991
748,-36.750000
749,-36.949997
750,-37.149994
751,-37.300003
752,-37.500000
753,-37.699997
754,-37.899994
755,-38.099991
756,-38.250000
757,-38.449997
758,-38.649994
759,-38.849991
760,-39.050003
761,-39.250000
762,-39.399994
763,-39.599991
764,-39.800003
765,-40.000000
766,-40.199997
767,-40.399994
768,-40.649994
769,-40.849991
770,-41.050003
771,-41.250000
772,-41.449997
773,-41.649994
774,-41.849991
775,-42.050003
776,-42.250000
777,-42.449997
778,-42.649994
779,-42.849991
780,-43.050003
781,-43.250000
782,-43.449997
783,-43.649994
784,-43.849991
785,-44.050003
786,-44.250000
787,-44.449997
788,-44.699997
789,-44.899994
790,-45.099991
791,-45.300003
792,-45.500000
793,-45.750000
794,-45.949997
795,-46.149994
796,-46.349991
797,-46.599991
798,-46.800003
799,-47.000000
800,-47.199997
801,-47.449997
802,-47.649994
803,-47.849991
804,-48.099991
805,-48.300003
806,-48.550003
807,-48.750000
808,-48.949997
809,-49.199997
810,-49.399994
811,-49.649994
812,-49.849991
813,-50.149994
814,-50.349991
815,-50.599991
816,-50.800003
817,-51.050003
818,-51.250000
819,-51.500000
820,-51.750000
821,-51.949997
822,-52.199997
823,-52.449997
824,-52.649994
825,-52.949997
826,-53.199997
827,-53.399994
828,-53.649994
829,-53.899994
830,-54.149994
831,-54.399994
832,-54.599991
833,-54.849991
834,-55.099991
835,-55.349991
836,-55.599991
837,-55.899994
838,-56.149994
839,-56.399994
840,-56.649994
841,-56.899994
842,-57.149994
843,-57.399994
844,-57.649994
845,-57.899994
846,-58.149994
847,-58.399994
848,-58.699997
849,-59.000000
850,-59.250000
851,-59.500000
852,-59.750000
853,-60.000000
854,-60.300003
855,-60.550003
856,-60.800003
857,-61.099991
858,-61.349991
859,-61.649994
860,-61.899994
861,-62.199997
862,-62.449997
863,-62.750000
864,-63.000000
865,-63.300003
866,-63.550003
867,-63.849991
868,-64.149994
869,-64.399994
870,-64.699997
871,-65.000000
872,-65.300003
873,-65.550003
874,-65.849991
875,-66.149994
876,-66.449997
877,-66.750000
878,-67.050003
879,-67.349991
880,-67.649994
881,-67.949997
882,-68.250000
883,-68.550003
884,-68.849991
885,-69.199997
886,-69.500000
887,-69.800003
888,-70.149994
889,-70.449997
890,-70.750000
891,-71.099991
892,-71.449997
893,-71.800003
894,-72.099991
895,-72.449997
896,-72.800003
897,-73.099991
898,-73.449997
899,-73.800003
900,-74.149994
901,-74.500000
902,-74.849991
903,-75.199997
904,-75.550003
905,-75.899994
906,-76.250000
907,-76.599991
908,-76.949997
909,-77.349991
910,-77.699997
911,-78.099991
912,-78.449997
913,-78.849991
914,-79.199997
915,-79.599991
916,-80.000000
917,-80.349991
918,-80.750000
919,-81.149994
920,-81.550003
921,-81.949997
922,-82.349991
923,-82.800003
924,-83.199997
925,-83.599991
926,-84.050003
927,-84.449997
928,-84.899994
929,-85.349991
930,-85.800003
931,-86.250000
932,-86.699997
933,-87.149994
934,-87.599991
935,-88.099991
936,-88.599991
937,-89.050003
938,-89.550003
939,-90.000000
940,-90.500000
941,-91.000000
942,-91.500000
943,-92.050003
944,-92.550003
945,-93.099991
946,-93.599991
947,-94.149994
948,-94.699997
949,-95.250000
950,-95.800003
951,-96.399994
952,-97.000000
953,-97.550003
954,-98.149994
955,-98.800003
956,-99.399994
957,-100.050003
958,-100.699997
959,-101.349991
960,-102.000000
961,-102.699997
962,-103.399994
963,-104.099991
964,-104.899994
965,-105.649994
966,-106.399994
967,-107.149994
968,-107.949997
969,-108.800003
970,-109.649994
971,-110.500000
972,-111.399994
973,-112.300003
974,-113.250000
975,-114.250000
976,-115.250000
977,-116.300003
978,-117.399994
979,-118.550003
980,-119.699997
981,-120.949997
982,-122.300003
983,-123.699997
984,-125.149994
985,-126.699997
986,-128.349991
987,-130.149994
988,-132.050003
989,-134.199997
990,-136.550003
991,-139.250000
992,-142.299988
993,-146.000000
994,-150.699997
995,-157.500000
996,-171.250000
997,-269.950012
998,-269.950012
999,-269.950012
1000,-269.950012
1001,-269.950012
1002,-269.950012
1003,-269.950012
1004,-269.950012
1005,-269.950012
1006,-269.950012
1007,-269.950012
1008,-269.950012
1009,-269.950012
1010,-269.950012
1011,-269.950012
1012,-269.950012
1013,-269.950012
1014,-269.950012
1015,-269.950012
1016,-269.950012
1017,-269.950012
1018,-269.950012
1019,-269.950012
1020,-269.950012
1021,-269.950012
1022,-269.950012
1023,-269.950012
